000006
000008
000009
000014
000017
000025
000037
000041
000049
000051
000056
000057
000064
000066
000067
000074
000075
000081
000082
000083
000087
000088
000091
000097
000099
000108
000114
000116
000140
000149
000153
000155
000156
000158
000159
000171
000173
000175
000176
000192
000193
000206
000207
000214
000227
000234
000237
000240
000256
000266
000272
000277
000279
000290
000295
000300
000304
000306
000320
000323
000326
000330
000331
000332
000334
000335
000348
000355
000372
000399
000406
000414
000419
000420
000426
000448
000454
000467
000469
000471
000480
000484
000491
000492
000496
000497
000524
000527
000529
000537
000544
000545
000547
000549
000555
000561
000569
000570
000571
000573
000574
000585
000586
000587
000588
000589
000596
000599
000602
000607
000608
000648
000649
000650
000653
000659
000665
000668
000669
000674
000697
000698
000707
000723
000727
000733
000734
000735
000737
000740
000742
000743
000748
000760
000764
000765
000769
000771
000776
000785
000787
000791
000792
000793
000803
000805
000809
000813
000825
000826
000831
000834
000843
000845
000848
000854
000860
000865
000868
000870
000879
000886
000890
000893
000896
000899
000900
000904
000907
000908
000910
000912
000917
000918
000919
000922
000928
000934
000943
000950
000953
000956
000963
000966
000981
000982
000983
000985
000990
000999
001001
001004
001013
001016
001031
001032
001036
001038
001048
001052
001054
001062
001066
001068
001069
001076
001088
001100
001101
001108
001125
001131
001134
001138
001142
001143
001144
001150
001169
001171
001172
001179
001191
001193
001196
001197
001198
001200
001202
001219
001220
001223
001225
001247
001249
001251
001255
001262
001269
001274
001278
001291
001296
001298
001300
001302
001306
001307
001308
001309
001310
001319
001321
001327
001353
001370
001371
001372
001382
001385
001388
001391
001394
001403
001405
001417
001422
001436
001437
001440
001444
001448
001450
001455
001460
001464
001465
001471
001499
001505
001509
001510
001517
001520
001523
001525
001528
001530
001542
001548
001551
001558
001560
001569
001581
001588
001589
001603
001614
001616
001620
001621
001636
001638
001646
001661
001663
001666
001670
001672
001675
001680
001685
001687
001689
001692
001693
001704
001707
001712
001722
001724
001725
001727
001734
001741
001745
001748
001753
001758
001766
001769
001770
001771
001772
001783
001786
001787
001792
001799
001800
001802
001806
001807
001808
001809
001815
001816
001817
001820
001837
001843
001859
001873
001877
001879
001885
001888
001891
001897
001913
001916
001918
001926
001929
001933
001938
001942
001943
001946
001955
001957
001964
001977
001978
001980
001982
001985
001993
001995
001996
001997
001998
002000
002005
002010
002019
002020
002021
002026
002030
002036
002039
002040
002046
002059
002060
002064
002065
002068
002071
002072
002073
002084
002096
002098
002101
002102
002103
002104
002106
002111
002113
002121
002123
002124
002128
002130
002131
002132
002145
002146
002163
002170
002183
002186
002187
002188
002189
002198
002202
002205
002210
002214
002215
002219
002221
002227
002233
002239
002241
002243
002247
002251
002252
002263
002283
002301
002303
002317
002320
002323
002333
002345
002348
002355
002358
002361
002364
002377
002378
002381
002386
002391
002392
002395
002398
002408
002411
002428
002451
002453
002455
002460
002464
002476
002478
002480
002481
002483
002486
002496
002497
002513
002518
002542
002544
002551
002553
002557
002558
002578
002584
002588
002594
002599
002604
002605
002606
002608
002624
002637
002638
002641
002643
002645
002647
002649
002659
002663
002666
002679
002683
002685
002688
002695
002696
002705
002707
002708
002710
002711
002712
002716
002717
002721
002725
002726
002731
002735
002744
002745
002752
002756
002757
002760
002762
002765
002766
002770
002782
002789
002800
002802
002806
002808
002810
002814
002820
002822
002837
002839
002844
002845
002847
002858
002860
002875
002877
002887
002889
002899
002900
002902
002923
002925
002931
002934
002939
002944
002946
002952
002954
002956
002966
002967
002971
002975
002976
002983
002985
002987
002989
002991
002997
003004
003008
003011
003021
003030
003034
003037
003041
003043
003045
003046
003049
003050
003052
003053
003060
003074
003079
003080
003084
003097
003100
003102
003104
003107
003116
003119
003122
003126
003132
003151
003153
003154
003155
003157
003158
003161
003162
003178
003183
003199
003202
003205
003206
003208
003210
003216
003218
003225
003226
003233
003239
003244
003253
003257
003261
003262
003263
003271
003274
003278
003280
003284
003286
003289
003290
003291
003293
003295
003301
003308
003310
003312
003316
003317
003323
003329
003332
003340
003342
003352
003354
003357
003363
003364
003366
003370
003390
003391
003394
003398
003400
003406
003411
003412
003416
003420
003421
003422
003430
003432
003433
003434
003448
003451
003453
003461
003463
003465
003469
003477
003478
003483
003490
003494
001090
001091
001092
001093
001094
001095
001096
001097
001098
001099
001102
001103
001104
001105
001106
001107
001110
001111
001113
001114
001115
001116
001117
001118
001119
001120
001121
001122
001126
001127
001128
001129
001130
001132
001133
001135
001136
001139
001141
001145
001146
001147
001148
001151
001152
001154
001155
001156
001158
001159
001161
001162
001163
001164
001165
001166
001167
001168
001170
001174
001175
001176
001177
001178
001182
001184
001188
001190
001194
001195
001199
001201
001203
001204
001205
001206
001208
001211
001212
001213
001215
001217
001218
001221
001222
001226
001228
001229
001230
001231
001234
001235
001236
001237
001238
001239
001240
001241000000
000001
000002
000003
000004
000007
000012
000013
000015
000016
000018
000019
000021
000023
000026
000027
000028
000029
000030
000032
000033
000035
000036
000038
000039
000040
000043
000044
000045
000046
000047
000050
000053
000054
000055
000059
000060
000061
000062
000063
000065
000068
000069
000070
000071
000073
000076
000077
000078
000079
000085
000086
000089
000090
000092
000093
000094
000096
000098
000100
000101
000102
000103
000104
000105
000106
000107
000109
000110
000112
000113
000117
000118
000119
000120
000122
000124
000126
000127
000128
000129
000131
000133
000134
000135
000136
000137
000138
000139
000141
000142
000143
000144
000145
000146
000148
000150
000152
000154
000157
000160
000161
000162
000163
000164
000165
000166
000167
000168
000169
000170
000172
000174
000178
000179
000180
000181
000183
000184
000185
000186
000187
000188
000189
000190
000191
000194
000195
000196
000197
000199
000200
000201
000202
000203
000204
000205
000208
000209
000210
000211
000212
000213
000215
000216
000217
000220
000221
000222
000223
000224
000225
000226
000228
000229
000230
000232
000235
000236
000238
000239
000242
000243
000244
000245
000246
000247
000248
000251
000252
000253
000254
000255
000257
000258
000259
000260
000261
000263
000265
000268
000270
000271
000273
000274
000275
000276
000278
000280
000281
000282
000284
000286
000287
000288
000289
000291
000292
000294
000296
000298
000299
000302
000305
000307
000308
000309
000310
000311
000312
000313
000314
000315
000317
000318
000319
000322
000324
000325
000327
000328
000329
000333
000336
000337
000338
000339
000340
000341
000342
000343
000344
000346
000347
000349
000350
000352
000353
000354
000356
000357
000360
000361
000362
000363
000364
000367
000368
000369
000370
000371
000373
000374
000376
000377
000378
000382
000383
000384
000385
000386
000387
000389
000390
000391
000392
000393
000394
000397
000398
000400
000401
000402
000403
000405
000407
000409
000410
000411
000412
000413
000415
000417
000418
000421
000422
000423
000425
000427
000428
000429
000431
000432
000435
000436
000437
000438
000439
000440
000441
000442
000443
000446
000449
000450
000451
000452
000453
000455
000457
000459
000460
000461
000462
000463
000464
000465
000468
000470
000472
000473
000474
000475
000476
000477
000478
000481
000482
000483
000485
000486
000487
000488
000489
000490
000494
000495
000498
000499
000503
000504
000505
000506
000508
000510
000511
000512
000514
000515
000517
000518
000520
000521
000522
000523
000525
000526
000528
000530
000532
000534
000536
000540
000541
000542
000543
000546
000551
000552
000556
000557
000558
000559
000560
000562
000563
000564
000565
000566
000567
000568
000575
000576
000578
000579
000580
000581
000583
000584
000591
000592
000593
000594
000595
000597
000598
000601
000603

002359
002363
002365
002366
002370
002371
002373
002375
002376
002379
002380
002382
002383
002384
002385
002387
002388
002390
002393
002394
002396
002397
002399
002401
002402
002404
002405
002407
002412
002414
002415
002416
002417
002418
002419
002420
002421
002422
002425
002430
002431
002432
002433
002434
002435
002437
002438
002439
002440
002442
002443
002444
002445
002446
002447
002448
002449
002450
002456
002457
002459
002461
002462
002463
002465
002466
002467
002468
002469
002470
002471
002472
002473
002474
002477
002482
002485
002488
002489
002490
002491
002492
002493
002495
002500
002501
002502
002504
002505
002506
002507
002512
002514
002515
002516
002517
002521
002523
002524
002525
002526
002527
002528
002529
002530
002531
002532
002533
002534
002535
002536
002538
002539
002540
002541
002543
002545
002546
002547
002548
002549
002550
002552
002554
002555
002556
002559
002560
002561
002563
002564
002565
002567
002569
002570
002571
002572
002573
002574
002575
002577
002579
002580
002581
002582
002583
002587
002589
002590
002592
002593
002595
002596
002597
002598
002600
002603
002607
002609
002610
002611
002612
002614
002615
002616
002617
002618
002619
002620
002621
002622
002623
002625
002626
002628
002629
002630
002631
002633
002634
002635
002636
002639
002640
002642
002644
002646
002648
002650
002651
002652
002653
002654
002655
002656
002657
002658
002661
002662
002665
002667
002669
002670
002672
002673
002675
002676
002677
002680
002687
002689
002690
002691
002693
002697
002699
002701
002702
002703
002704
002706
002709
002713
002714
002715
002718
002722
002723
002724
002727
002728
002729
002730
002732
002733
002734
002736
002737
002738
002740
002741
002742
002743
002746
002748
002749
002750
002751
002753
002754
002755
002758
002759
002761
002763
002764
002767
002768
002769
002771
002772
002773
002774
002775
002776
002778
002779
002780
002781
002783
002784
002785
002786
002788
002790
002791
002792
002794
002796
002797
002798
002799
002801
002803
002804
002805
002807
002809
002811
002812
002813
002815
002816
002817
002819
002821
002824
002825
002826
002827
002828
002829
002830
002831
002832
002833
002834
002835
002836
002838
002840
002841
002842
002843
002846
002848
002849
002850
002852
002853
002854
002855
002857
002859
002861
002862
002863
002864
002865
002866
002868
002871
002873
002874
002876
002878
002879
002880
002882
002884
002885
002888
002890
002892
002893
002895
002896
002897
002898
002901
002903
002904
002905
002906
002907
002908
002909
002910
002911
002914
002916
002918
002920
002921
002924
002926
002927
002928
002929
002930
002932
002933
002935
002937
002941
002942
002943
002945
002947
002948
002949
002950
002951
002953
002957
002959
002962
002963
002965
002968
002969
002970
002972
002974
002977
002978
002979
002980
002981
002982
002984
002986
002988
002990
002992
002994
002995
002998
002999
003001
003002
003003
003006
003007
003009
003010
003012
003015
003016
003017
003018
003019
003020
003023
003024
003025
003026
003027
003028
003031
003032
003033
003035
003036
003038
003040
003042
003047
003048
003051
003054
003055
003057
003059
003061
003062
003063
003064
003065
003066
003067
003068
003070
003072
003073
003075
003077
003078
003081
003082
003086
003087
003088
003089
003090
003092
003093
003094
003095
003098
003101
003105
003106
003108
003109
003110
003111
003112
003113
003114
003115
003117
003118
003120
003121
003123
003125
003127
003128
003129
003130
003131
003133
003134
003135
003137
003139
003140
003141
003142
003143
003144
003145
003146
003148
003150
003159
003160
003163
003164
003167
003168
003169
003170
003171
003172
003173
003174
003177
003179
003180
003181
003184
003185
003186
003187
003189
003190
003191
003192
003193
003194
003196
003197
003198
003201
003203
003204
003209
003211
003212
003213
003214
003217
003219
003220
003221
003222
003223
003224
003227
003228
003230
003231
003235
003238
003240
003241
003242
003243
003246
003247
003248
003250
003251
003252
003255
003256
003259
003260
003265
003266
003267
003268
003269
003272
003273
003275
003276
003279
003282
003285
003288
003292
003294
003297
003298
003299
003300
003303
003304
003305
003306
003307
003311
003313
003314
003315
003319
003320
003321
003322
003324
003325
003326
003327
003328
003330
003331
003333
003335
003336
003338
003339
003341
003344
003345
003346
003347
003348
003350
003353
003355
003358
003359
003360
003362
003367
003368
003371
003372
003373
003374
003375
003376
003377
003378
003379
003380
003381
003382
003383
003384
003385
003386
003387
003388
003389
003392
003393
003395
003397
003399
003401
003402
003403
003404
003405
003407
003408
003409
003410
003413
003414
003415
003417
003418
003419
003424
003425
003426
003427
003428
003429
003431
003435
003436
003437
003438
003439
003440
003441
003442
003443
003444
003445
003446
003449
003452
003454
003457
003458
003459
003462
003464
003466
003467
003468
003470
003471
001814
001818
001819
001821
001822
001823
001824
001825
001826
001827
001828
001829
001830
001833
001834
001835
001836
001838
001839
001840
001841
001842
001844
001845
001846
001847
001849
001850
001851
001852
001853
001854
001856
001857
001858
001860
001861
001862
001863
001864
001865
001867
001869
001872
001876
001878
001880
001881
001882
001883
001884
001886
001887
001889
001890
001892
001893
001894
001898
001899
001900
001901
001902
001903
001905
001906
001907
001908
001910
001912
001914
001915
001920
001921
001922
001923
001925
001927
001930
001931
001934
001935
001936
001939
001941
001944
001947
001951
001952
001954
001956
001958
001959
001960
001963
001965
001966
001967
001968
001969
001970
001971
001973
001974
001975
001976
001979
001981
001983
001984
001986
001987
001988
001989
001990
001991
001992
001994
001999
002002
002003
002004
002006
002007
002008
002009
002013
002014
002015
002016
002017
002018
002022
002023
002024
002025
002027
002028
002031
002032
002033
002034
002038
002041
002043
002044
002045
002047
002048
002049
002050
002051
002053
002055
002057
002058
002061
002062
002063
002066
002069
002074
002075
002077
002078
002079
002080
002081
002082
002083
002085
002086
002087
002089
002090
002091
002092
002094
002095
002097
002100
002105
002108
002109
002110
002112
002114
002115
002116
002117
002118
002119
002120
002122
002126
002127
002133
002134
002135
002136
002138
002139
002140
002141
002142
002143
002144
002148
002149
002150
002152
002153
002154
002155
002157
002158
002159
002160
002162
002164
002165
002166
002167
002168
002171
002172
002174
002175
002177
002178
002179
002180
002181
002182
002190
002192
002193
002194
002195
002196
002200
002201
002203
002204
002206
002207
002209
002211
002217
002218
002220
002222
002223
002224
002225
002226
002229
002230
002231
002232
002234
002235
002236
002237
002238
002240
002244
002245
002246
002248
002249
002253
002254
002255
002256
002257
002258
002259
002260
002261
002262
002264
002265
002267
002269
002270
002273
002274
002275
002277
002278
002279
002280
002281
002282
002284
002287
002288
002290
002294
002295
002296
002297
002298
002299
002300
002302
002305
002306
002307
002308
002309
002310
002311
002313
002314
002315
002316
002321
002322
002324
002325
002326
003473
003474
003475
003476
003479
003480
003481
003482
003484
003485
003486
003487
003488
003489
003491
003492
003495
003496
003497
003498
003499
